$ANSIBLE_VAULT;1.1;AES256
31666435396333313637633362376533626562393331383133346666383934343664386231303734
3937343134303763383839343631633636643130323431390a666565666562363736393339616262
61636130626461393038653537346436313863656664333135643037643965643938656232613930
3232623463333562640a623738323462653435656537393462316234333236666534373038633431
36366661353835653732313461666237643834326231313630663534346631373765316536663864
66363264303039646335623932363164396431626366663066633063326162306265326335643362
62326162623339643835363438313837396238646536363832616663366166636238393661353635
32666537613764383434393961626661663939636162653731353364396566396466323130373662
64376234646439346538313463376437636364613739383266303066313037373361343932613763
63303235646234643761363931373465303437643037333162356566303233386635376463623463
38326638613262656463303362313833326264306139633539356362633739613139343433326431
32623962306134306138336534346633303531353662626139356335316333383532326565326138
66663436366661626561666437333939323864333632663835623666616632643563623463393331
65373839663834333266356436663630623961626266633232653331373636313766306334653434
30363761636433376162653535383136306266623931333739373164613361323633666431306666
65633431386536346166396661636161383261313034393065306435333165666536323837613334
38656465616232383562376262623531343731666135326430633933306432383666613030393230
30653666376636633735386433643033343736303963613962313736633138353431393462306431
63353633656334326139336139366163636330313137373762653963663362323333323036666534
34343034303865313031663638373962396133643833643634303432346436643466333732343636
62373634396135613865346333373863653033336562303138326666316566346434306537346634
35383137363061363131646462336132643132373930633131383262333661373238373464383765
63363636303964313661306639353136316330663430643662373064393137396338363337303030
33346464373330333932316331343065656566333264383236373933343333326463323835643731
37366561343336643465623661623538646662323139616565376461623635623733663639663139
61356264633639333533306161333366306232313165333732333561343230356539386233316565
63653830366263663934323835356330623035646634656534386432366164663837353136323966
62616263636132343530653963393933373664636165623239643166326561383035313436633638
61383663666436323539383463633261326630343539366337356630616664336336303563633033
65303865393134353665643366376666386434313262333163303338663663346436613235643262
65626264643135376461383363306436343334333337323730613334303433326465373161326535
65316237366634333538646231346230393635366430363362323236346133396133643461333434
65333035393238376634356430333463316433323661393339373539336232393534633963366330
38646538663636383036313833323264316338643165383238366162333864346162613934656366
62346337643932323534313432626535396330303062363661343264363163313262383534303137
39616164616462656665616430626561323863613630666230663932613365636661626335373464
64623865363834363164376635383231303633366661656664643566666265356366633739663530
31646661383063643437373066303031323435623232636335326465666539663437326132303238
61666337326461376463616137666162633332613461666464376435663937653365643734353361
63653938303132356334353636353037363430623630393635313930643164306263323335316538
37623232363332633736383731646361343162636438666235323538633536653230656365313037
35333130393438383861306137643936656231643664396237383935643730383738643733383735
39636466366636323966653831343938303930383835303936623065666539373536653962306262
66383533343638623939346661643533353634623764653635643931656637323137663039386563
30303232636263323365396165383061306365343137343364626164363961643731363066366262
38373031663737616361646337353436373462326436313964663932663734323134326636656661
39363866363038333133636561383332353431353537613263336262346238663966613734613364
64623436313561376266303130306137613230653235346666623531613534663064616138636266
39336338356363616334623233383733326535333635303362623931383233393633643638336664
64336261306330623363333935323961643338356237613661623231643962616461393038383462
64613135336633366237336365663231366234303061373833623263393630623238376439666562
31373230633464306266356237303365303033336439336637303035353862663033373263636134
34353761383161616339653931356634323637366236346532616436326336376135353261616437
37343236643739343838623238623635623438343536353037386636313337653835316430313439
31303464396338663465663334373133323130316237383739336530373734333262633230363432
35633663653233333638643835306132393565383534383733653338343633353263623935386336
39613034363834633666363730373135623330626466373764656631653734643635633266353062
64623931383335666630346531623166383266333262336330373062343530303862393936656237
66393635343236313935623838616161386434396239653764663830623638386661323861633934
35313336656163343866326632653463316633316462366537313834313432666464353938613761
37613736353331636634366562633564306632393830653065306664336634373831313963653066
63356464623133366135323534393930336235653566356136373338303562326561646136366238
35623939356439663734616136373534363036363334353435646138633965653063656264633139
64353336633637323037316137303163333931653162336231626434323639313937336632626238
64323364343461666138393063646264626530343861363763633363653233636363333938303765
33323166393238643361613433366235393035386664313736303938393039616438316537323137
32623530636435306665653265366162323036306339323961653030343433326665653837343435
63313038393062393438326631623534326362363338323562396635333163643036323738663134
32653232346265363935393663643434383537633838396637336636356163356663363637653766
34396432323837613931326638313335643539353438353635396630396136626231663835363261
62333235663932613464333364626165366339623566343864626264626365643337373262616164
38393330653564643162363738316431613661616137383139613437353331616664336432393538
34663231386636383462396363363963656361323836633138346636343235633866386635373066
62623830313337396165363561383031363366366138343034633866613436643530353636396264
34653836636233316666643366633266306237626463393561313033656330373031356663333861
66363665336233396561666239303933643130623332343431346263306339373766663062313865
66333035333535663832656565373030366436386564373532336466623565616661333165336636
33373064303232306137643561663961383539323766313838326539633065333366333065356335
35313061646230646137653834333835363763323962373266643337356232663565313934376464
31326661343534626366326535663235366637623265333630313863333566353831393735383063
66613236666336656132376135646361346163323565636463346632326334323964633637336432
38643832653934623839353165363664366465303734623064353230653664633639633434336165
63616135346262383032333433353133333733376232613939633161653039623436613366393162
62663264663830636339393662643035313663646438643237336332333133613535646666366337
31326331623334313736656131393538363535393435643936386333396263633961323161653232
31323265383835303762343134333665323930333933376436653139323063643237623036353132
63343032626530633234643165643732346437633133373036393937623230373930353139393538
31373364383330646635616366623561613631306363303430633761663565643765306432613535
39663532653861656434626633346330326430333430343963636265396534373433636130353539
65396437663664313565663862326632656134653365666639646532363433363031363266366631
66336131396439643866353734303266623835653561613133303162376666643834653830363363
64383862303665326163313362313865343031313663343034653463376464376339386333623032
38646631346365643765303566303033326339346364626261616665326633313830303862626436
32323230613866373534393462363738383936313631663736613831343531323132383930333963
64636565366232366562376362653861376431303364326535363333353337356333396234376237
34396535633631316339336262633335623431313161303033656336313936326466393064363235
39383033363034353764643638646530326536316338366335666238376537346563643330323834
30346232326532643164616461616133663238666133663564356337396165343739633463373165
36623962613464363361626434643533393862633837373636323938383632353739373532656435
64366263303564626361363438386630313935316236383933366232333835316632646139306135
39353034316664386534323031353166366534636536363462316262323131633265393164313262
33333437316162613838626630333265353632306265346137656134306430373434346565316335
39393437393166343532343932646338393464643036393938333532623562353834336364306331
61383562383466313964616238613962643361616263393733363863333139663133646364616331
61643936356539383066313366636364316566633864313562653366313061653362313638613763
39363031656262666433333366616561353736303661626633613133306261646233393137666232
33343663303264623932366665613038333034643861663562393734343738663234366665373464
33353033663961313234343633353863353232643262616330353333663462656166313966613433
64663962353932396631343164653530346133356135646630363465623063373261343637353835
65616637646534363338313030393636656263326337363965623666633563343638663239303833
66303936646632303134656531653639323463613139363131633936656135313931626462323436
66666264653432343561336437356261383063323537663466626462643464383938633334363133
35333363323234376335396466393765316435633661373863623464313339653665663836313666
38376466663836393336346135333534373432343063376632656565353532626630386662616333
30663933386539633061303330316166623133633438653334646162663735383762373531653435
31643935376138333563316238363761303365386662366631613565323963353033346133626664
39323265313665643065666565376135626634383264373639636537396266633864316330393439
31393936313162386230616364323265343263323433626238373132626536343430353539646138
65323863636537323633363830343063353231366562343564626363333662313366663631333432
35613830313932646461623834663030343037383265663031636562363166656136613837666330
62666137393233616135336130666339613235396138653436663865366234313563613762616564
33656561323661313037333565373432346164656665316136363638316534663934656533333837
66373564386531333266323863316432616336346461333131666234313130376261326130316365
34613935356665653766613761656637383938653539336233623566316562366330366261306662
62653330616661393230393765373763376365363561303564633231366134326636643562616461
63313266393664663464663139643363333039303336393965636262366436386664613135626164
32323338656234353436363838313765633261346464393663666632633937396665373333663636
66353230393538626534373835313532356132616337643466616662306366333136393764663235
30316464353534303530636661656561336539613334343532346330663264653765303666386164
38613733633966363131346435326236626164633164623262613131656231656439636232353836
62313939633933626362666236643466613437623662633464656139663333663831646133623164
38373835306331316463316665333638303438303735376263343239623033653330623232333738
61643161353337373434623564303636633165313737303561653637666235323366643964336230
30333038383630616161633163653863623666626530646565326466363731636462336166346463
30393564643736626232313538653635386465393063623962633730353464323264353531376436
38353535666636626566653931613939363033653463313132323761663464366365366434633866
33336635656637613263633131363535326565366261343236663965626630303164336164343430
65336530363136393063326138343066336162326163626133346466363965643864653935383464
61336437633235633763656637386237386639643263356430383938393838643338306665616133
32366330653464333236353561663361333464646330616265653738343863396466643963626664
33633034313136343434346531346561343362656664386336366334653636356433323430383232
65316462333331346138613566356630616232386236623630643862336564386337653635363834
38386433383437373933356562386436373836653431313135396361393737343838323032636232
65346266363838356566616231616362323537316661646137356462636263353565383636313565
32356538623230353632323861383832663035346464323232366564633165343861646266633761
35323339396338386234363366626565383736636537626630316633356438626234326563336538
30303439303766333031303763333932386633393263663839646632323566623437366566343430
62613037383764363133613531643834626365333634376638353334656336633630613362613464
61633230613831326239616562653666346330393836643763613166626262663235653134393965
65383838326165346461353562306462333363363965656134346262346332313731333463373738
61666564366138653736346435646166663164313232663138613234663361366331363634626330
65666466663865656666326663633633653836336133633734343837666361343536353363313636
36323339366265373835343361363365383634333365613339383432313335356361633330303030
32306161633863336535633066616436303264386266303330636439643735323633643839313464
39353633313963353631343238363138376630376637633038646562303737303930383661633865
63663832613532633232363264636233306234626362343031646237633136353534623863383139
61333334376435616132653332623465373738376130343333653935646335346639323063623130
63336666653030306266326637633837346330373437316635383363653935626234653933303864
37303164643935333030666663303031353635613539326539333738613933393734363964633635
34643965313637323633373737626564396634363639646135373133396235363861666332343438
38376636333163353838396334373561323538623861306539653336323231373065633131313763
64333134303733383937383137363232373866346539646339363631363061356630663466663430
66373461336138376665653061393639663438326439663930373237396464316339613865343833
65336339333066386131373839333735313232393636313763656636313839383965646436373030
61333832636461346530333936656664336336303131666561353366383131623566383461623731
63363037306365343536383230316161376238383366663565376330633030346535663537343338
38343137323536393363386165326165626435376133663366333964633632363965323239643834
37623030303035363864643461666666656263363466633434313632356463616165336638303431
32656165373339653665336564636564643363623639356133633361336531386661336631613464
61613762393434613936613133393630623565333038353064366538376436663364333439633833
64623835623661303866363664343834633737626538623331336334663532393530353736363366
62376237663362626536373431643836393838646532393535623064346266373961616131343463
33363139653630323535363932613564333061626461373162626466663037386337
