$ANSIBLE_VAULT;1.1;AES256
39303339656534326336353634613231383366656531383734636135356662656634356166626266
3533373635626661353865386162333964363661623937390a633837396434383233356335323537
39396434343064383464333530643636326633663731383639393563653432303639303435663137
3832333266323138380a653235363464376464303231363861376464333331326337343137316439
36653434613863643462336336643139626630323137663237396634633464396566313431646631
66636661613065323432386662646135376538316532663938656662316466333266336364666634
33363439353335623334646233653063373537636538653637306435353039386631613861333430
38333438363766383832316564663539306430663938616330636164326335386435386165393832
37643730633034373938663865666236633133356332623036303630363965386138623564393938
39613439393937373963303734656333323236323065313065623861356161653263386331383565
33303565633339663834356461373932626436623439623066646631396637306138306237386232
62646461646363623733386362333331646539323261626561623032643761303066346236313633
64313865386365656435373630323461343131323661363330376539323636393534343834343236
34383836363831646135386131316661393638376636653665626130346239663839303635373732
38613233363665616665633530326538656334343339386135383730636332623430373837376638
38663034333162656336343064306236356138313131316563663566323636343833343339353963
64333965386661306636343766386234323638386633363632346231616135376164316636383761
32393234616236393461616136333865383734316564396438616439393565326562623032326563
65376536346439653161376435656231323261333137663035656365666564383362333866303166
30646566363135373035363831313734346364326662396137313132633333383764336538313566
64393737636139383834633464616638663930303932663732343366303665376363383134333532
38623364326563623439303639646431333666346233376438626134666436383033626533323035
33323062656239363261663230623731663034373465666365323565623035303966656637623034
39353865363730666438313564383165646262346539653035343138393039373530613734323238
64626162666262613038656534653135323661643437306434653765646332623731356330396664
66626532343565643963376263623663313435616633366139376563623034333761373331353835
33393565613135396430636665386463636665323734366432326638366631336330336239623339
37333438656332366465326539323438396663623130333266313437623836306236646266633130
62633134343365386161653437613532653261373361636461393262613934323632353634326362
33353464323339666363383931313364343733326636646665323437366262393430363139336130
33326164633437663734333066613663633864333637373336393033303332383438633962336362
30383835323962303463636332303732373032383737376537356430393234376531643534326165
62663636323433323365373038646466643031303364393361626131363565356261303661386334
34396461623833643935353935396266663863393530383936626236336335383831353864363861
34636530333435623366333363376661396263303730633764636634333764386533316331363766
63303136333034623434356534363539346538353531356364343636633639666336623435383265
36613961336331613265646263623564666163663634646264303133383962353034363834653837
36643630326536363232326136666464616561343637646265613961633031303830656537353935
64353238326665393338636462373065633439333838393037323864646439313437356434633161
35393636306139386665303334623237343539346461613231316631616566373361646365363934
34303762303663326134303531373934383232393238643531326261613430383162306435666639
66303566303836316430623837663531626333366163613338663331313431323864373832663038
61323866653832663230343763363030346366323333303130383831613131363437323562613839
37616238613737363162343530653165623165653961366136313437336664383935393865323533
64656433393131333032333562386537643630663732376565356437643333643933353337623762
39363633613261636131626639623534356436313933646430316632313734636430633534373663
35656334656534636232616565336366663861623031393634623333393865633763353665643136
33393433376664643664383039343236396166356665366363663431346334356536333663633666
64306462363533623039353161613938336265333537653266323635356133376262616433633233
36363362653430353636306139616363313837613335333363353731323661323834343036323766
33343266356532313934663833343032376134373136316536306532666532623538373763636534
30316364393231386535366632626638396661363038376236653338316465633132386665356662
62303835303937646438346666343862393762356235653430393530333732323633343336636135
35346535343430653862643066656238383763396661653231343937616537386133646164373130
35633562643534333437373062623435643934343634303662646135383037636463316536376336
61613036666239643762366534323235643166363131303161323562346461613563626163643539
32306561376530343638626536653461663733663263333831336265616566366630393735663138
34303961333864396631656563643733346539656437363734616131613035646637373738343934
343863633331356463306438396433626533
