$ANSIBLE_VAULT;1.1;AES256
31643431386363313836353234313966643735626562363963366130386635666339613430313934
3138333661653163636433646130363864653232333632380a663733366233303061343337323664
65653235663634396366363534393630343031666530373561333830346632363366653164633133
3463383663336562610a373533383964336463356233376134613864356236323062613435343532
31346266363234356335386635336464636561346638363937616130336237363437343165363264
38646262356165313739636137306566393337363964303262396131306235306264326535386639
36663331363136333466393637666432616532306535353136313763643161356466323735623933
33303566636130643235336333323136616231316439326637393362613064313531356165383839
63393232313332383161303235663539363731303434326332356463323835346139363938646164
32326534366235623130363638303162643038623132646638353438623237333236663336633663
39356536393338333531326637653033646365663437336632373066353734313861346562346361
32343736613465363965303934373066326662666363343538656339666561633533306365326466
38646237366438623863653865333234373631353332653537333932373435323731666661303831
30363034376639643731356261353937643431346335316362363438333431386332333265303861
61323537343362303133396135303233613938313561353764663262626561393136313532343731
64393862393061366636303765313065326663343931333361623937356439643935653762326165
39346236333735366439373664323233636339376134633634353438346162613332343535616366
63353663653539323633343931376166343038323364313535343964333834333666613331636664
32353462626163643134636463313133313833326134613739353165636431613632616338386330
38386431346337306132
